53662.0 .5998074
53662.2 .5998508
53662.3 .5998614
53662.5 .5998994
53662.7 .6000298
53662.8 .6001638
53663.0 .6001039
53663.2 .6001343
53663.3 .6001156
53663.5 .6001761
53663.7 .6000578
53663.8 .6001454
53664.0 .6002143
53664.2 .6002770
53664.3 .6001823
53664.5 .6002436
53664.7 .6003811
53664.8 .6003185
53665.0 .6003451
53665.2 .6003974
53665.3 .6004937
53665.5 .6004650
53665.7 .6004148
53665.8 .6003510
53666.0 .6004446
53666.2 .6003695
53666.3 .6003979
53666.5 .6003453
53666.7 .6003166
53666.8 .6002447
53667.0 .6003277
53667.2 .6003337
53667.3 .6003860
53667.5 .6004682
53667.7 .6005420
53667.8 .6004739
53668.0 .6005830
53668.2 .6006961
53668.3 .6007498
53668.5 .6008605
53668.7 .6008176
53668.8 .6006700
53669.0 .6006928
53669.2 .6006367
53669.3 .6005960
53669.5 .6004932
53669.7 .6006152
53669.8 .6007340
53670.0 .6007642
53670.2 .6006885
53670.3 .6007758
53670.5 .6008092
53670.7 .6009077
53670.8 .6010392
53671.0 .6010748
53671.2 .6012218
53671.3 .6012014
53671.5 .6012267
53671.7 .6011545
53671.8 .6011287
53672.0 .6011296
53672.2 .6010921
53672.3 .6010962
53672.5 .6011727
53672.7 .6012061
53672.8 .6013433
53673.0 .6014307
53673.2 .6015001
53673.3 .6014255
53673.5 .6014914
53673.7 .6015443
53673.8 .6016176
53674.0 .6015460
53674.2 .6015850
53674.3 .6016317
53674.5 .6017396
53674.7 .6017299
53674.8 .6017649
53675.0 .6017982
53675.2 .6018734
53675.3 .6019819
53675.5 .6019081
53675.7 .6019108
53675.8 .6018525
53676.0 .6018433
53676.2 .6019461
53676.3 .6018777
53676.5 .6019808
53676.7 .6018717
53676.8 .6019282
53677.0 .6019567
53677.2 .6020009
53677.3 .6019477
53677.5 .6019567
53677.7 .6018726
53677.8 .6017855
53678.0 .6017990
53678.2 .6018853
53678.3 .6018951
53678.5 .6019222
53678.7 .6020017
53678.8 .6021691
53679.0 .6020841
53679.2 .6019737
53679.3 .6019038
53679.5 .6019450
53679.7 .6019775
53679.8 .6019501
53680.0 .6019529
53680.2 .6020120
53680.3 .6021680
53680.5 .6021395
53680.7 .6021427
53680.8 .6022331
53681.0 .6023003
53681.2 .6022016
53681.3 .6023234
53681.5 .6024702
53681.7 .6025355
53681.8 .6027127
53682.0 .6028076
53682.2 .6028914
53682.3 .6028459
53682.5 .6027905
53682.7 .6027637
53682.8 .6027140
53683.0 .6026720
53683.2 .6027205
53683.3 .6026793
53683.5 .6028955
53683.7 .6028524
53683.8 .6029102
53684.0 .6029460
53684.2 .6029907
53684.3 .6029812
53684.5 .6030244
53684.7 .6030805
53684.8 .6030927
53685.0 .6029861
53685.2 .6030477
53685.3 .6030428
53685.5 .6031315
53685.7 .6031893
53685.8 .6032802
53686.0 .6033740
53686.2 .6035251
53686.3 .6035335
53686.5 .6035059
53686.7 .6035886
53686.8 .6035897
53687.0 .6037847
53687.2 .6038192
53687.3 .6037744
53687.5 .6038921
53687.7 .6038599
53687.8 .6039220
53688.0 .6039304
53688.2 .6040180
53688.3 .6041751
53688.5 .6041225
53688.7 .6041933
53688.8 .6042676
53689.0 .6042342
53689.2 .6042578
53689.3 .6043330
53689.5 .6044724
53689.7 .6044008
53689.8 .6044656
53690.0 .6044116
53690.2 .6044941
53690.3 .6044165
53690.5 .6043875
53690.7 .6043994
53690.8 .6043888
53691.0 .6042521
53691.2 .6041832
53691.3 .6042206
53691.5 .6040655
53691.7 .6041626
53691.8 .6040595
53692.0 .6040628
53692.2 .6041184
53692.3 .6040522
53692.5 .6041884
53692.7 .6041360
53692.8 .6041979
53693.0 .6041794
53693.2 .6042630
53693.3 .6042358
53693.5 .6042961
53693.7 .6042133
53693.8 .6043338
53694.0 .6043235
53694.2 .6044751
53694.3 .6044499
53694.5 .6045521
53694.7 .6045459
53694.8 .6046815
53695.0 .6048115
53695.2 .6048570
53695.3 .6048779
53695.5 .6049910
53695.7 .6050911
53695.8 .6051847
53696.0 .6053117
53696.2 .6054028
53696.3 .6054416
53696.5 .6054788
53696.7 .6055450
53696.8 .6055713
53697.0 .6056489
53697.2 .6056028
53697.3 .6055504
53697.5 .6054435
53697.7 .6054085
53697.8 .6053792
53698.0 .6053342
53698.2 .6053109
53698.3 .6053969
53698.5 .6055672
53698.7 .6055770
53698.8 .6055678
53699.0 .6056123
53699.2 .6055385
53699.3 .6057110
53699.5 .6059120
53699.7 .6059752
53699.8 .6059288
53700.0 .6058681
53700.2 .6057471
53700.3 .6058377
53700.5 .6058214
53700.7 .6059728
53700.8 .6060053
53701.0 .6060102
53701.2 .6061803
53701.3 .6063590
53701.5 .6064646
53701.7 .6065554
53701.8 .6064643
53702.0 .6066387
53702.2 .6065080
53702.3 .6065801
53702.5 .6066252
53702.7 .6066401
53702.8 .6065139
53703.0 .6065761
53703.2 .6066100
53703.3 .6066439
53703.5 .6067209
53703.7 .6068343
53703.8 .6069008
53704.0 .6070266
53704.2 .6069949
53704.3 .6070741
53704.5 .6070378
53704.7 .6070847
53704.8 .6070291
53705.0 .6070578
53705.2 .6070532
53705.3 .6071162
53705.5 .6072257
53705.7 .6071742
53705.8 .6073400
53706.0 .6073717
53706.2 .6073874
53706.3 .6074997
53706.5 .6075532
53706.7 .6075689
53706.8 .6076077
53707.0 .6077588
53707.2 .6077401
53707.3 .6077509
53707.5 .6079004
53707.7 .6078456
53707.8 .6078735
53708.0 .6079077
53708.2 .6079983
53708.3 .6079780
53708.5 .6080040
53708.7 .6080545
53708.8 .6081860
53709.0 .6081793
53709.2 .6082875
53709.3 .6083748
53709.5 .6082880
53709.7 .6084733
53709.8 .6086393
53710.0 .6086447
53710.2 .6087354
53710.3 .6087112
53710.5 .6087356
53710.7 .6087231
53710.8 .6087240
53711.0 .6088460
53711.2 .6088222
53711.3 .6088940
53711.5 .6089966
53711.7 .6090253
53711.8 .6090725
53712.0 .6091688
53712.2 .6091740
53712.3 .6094002
53712.5 .6093688
53712.7 .6094415
53712.8 .6095831
53713.0 .6096563
53713.2 .6097320
53713.3 .6098107
53713.5 .6098351
53713.7 .6098872
53713.8 .6098139
53714.0 .6098947
53714.2 .6100163
53714.3 .6099295
53714.5 .6100084
53714.7 .6100467
53714.8 .6101251
53715.0 .6102884
53715.2 .6103269
53715.3 .6102672
53715.5 .6103971
53715.7 .6105127
53715.8 .6105382
53716.0 .6105743
53716.2 .6106546
53716.3 .6106641
53716.5 .6107289
53716.7 .6107571
53716.8 .6108255
53717.0 .6107986
53717.2 .6107943
53717.3 .6108374
53717.5 .6108027
53717.7 .6107791
53717.8 .6109256
53718.0 .6110018
53718.2 .6110224
53718.3 .6110617
53718.5 .6110805
53718.7 .6111892
53718.8 .6112321
53719.0 .6112541
53719.2 .6112077
53719.3 .6112861
53719.5 .6112834
53719.7 .6113241
53719.8 .6113688
53720.0 .6112576
53720.2 .6113406
53720.3 .6113813
53720.5 .6112606
53720.7 .6112614
53720.8 .6112853
53721.0 .6113156
53721.2 .6114236
53721.3 .6115356
53721.5 .6116938
53721.7 .6117589
53721.8 .6118490
53722.0 .6119699
53722.2 .6120372
53722.3 .6121777
53722.5 .6124254
53722.7 .6125252
53722.8 .6125616
53723.0 .6124555
53723.2 .6126134
53723.3 .6126199
53723.5 .6126544
53723.7 .6126218
53723.8 .6126549
53724.0 .6127119
53724.2 .6126009
53724.3 .6126356
53724.5 .6127810
53724.7 .6128117
53724.8 .6128730
53725.0 .6128790
53725.2 .6129026
53725.3 .6129495
53725.5 .6129715
53725.7 .6130710
53725.8 .6132555
53726.0 .6131529
53726.2 .6132658
53726.3 .6132484
53726.5 .6132468
53726.7 .6133472
53726.8 .6134136
53727.0 .6134085
53727.2 .6134229
53727.3 .6134500
53727.5 .6134250
53727.7 .6135503
53727.8 .6136697
53728.0 .6136198
53728.2 .6136008
53728.3 .6137552
53728.5 .6138542
53728.7 .6138352
53728.8 .6138197
53729.0 .6138148
53729.2 .6138951
53729.3 .6139301
53729.5 .6139111
53729.7 .6139326
53729.8 .6139220
53730.0 .6139187
53730.2 .6139705
53730.3 .6139385
53730.5 .6140256
53730.7 .6141737
53730.8 .6142556
53731.0 .6141924
53731.2 .6143188
53731.3 .6143183
53731.5 .6144119
53731.7 .6145657
53731.8 .6146642
53732.0 .6146422
53732.2 .6147027
53732.3 .6147342
53732.5 .6147290
53732.7 .6147108
53732.8 .6147987
53733.0 .6149216
53733.2 .6150057
53733.3 .6150415
53733.5 .6149300
53733.7 .6149373
53733.8 .6150873
53734.0 .6151446
53734.2 .6150399
53734.3 .6151408
53734.5 .6149957
53734.7 .6150084
53734.8 .6148956
53735.0 .6149137
53735.2 .6150244
53735.3 .6150399
53735.5 .6150844
53735.7 .6151495
53735.8 .6152531
53736.0 .6152409
53736.2 .6153822
53736.3 .6154175
53736.5 .6154395
53736.7 .6155564
53736.8 .6155821
53737.0 .6156730
53737.2 .6157997
53737.3 .6158130
53737.5 .6158431
53737.7 .6158127
53737.8 .6158900
53738.0 .6159429
53738.2 .6159679
53738.3 .6160604
53738.5 .6160579
53738.7 .6160672
53738.8 .6160932
53739.0 .6161507
53739.2 .6161730
53739.3 .6162882
53739.5 .6163672
53739.7 .6164532
53739.8 .6166162
53740.0 .6168701
53740.2 .6167744
53740.3 .6167836
53740.5 .6168419
53740.7 .6168547
53740.8 .6168319
53741.0 .6167144
53741.2 .6166941
53741.3 .6167342
53741.5 .6168943
53741.7 .6169675
53741.8 .6170361
53742.0 .6171701
53742.2 .6172038
53742.3 .6171748
53742.5 .6172738
53742.7 .6173041
53742.8 .6173641
53743.0 .6174509
53743.2 .6174086
53743.3 .6175513
53743.5 .6175939
53743.7 .6175735
53743.8 .6176240
53744.0 .6178364
53744.2 .6177566
53744.3 .6176994
53744.5 .6177402
53744.7 .6176960
53744.8 .6176708
53745.0 .6177768
53745.2 .6179168
53745.3 .6181045
53745.5 .6180994
53745.7 .6181723
53745.8 .6182488
53746.0 .6182678
53746.2 .6182806
53746.3 .6182689
53746.5 .6183389
53746.7 .6183487
53746.8 .6183731
53747.0 .6183839
53747.2 .6184368
