53662.0 .590348
53662.2 .590383
53662.3 .590399
53662.5 .590434
53662.7 .590559
53662.8 .590680
53663.0 .590660
53663.2 .590664
53663.3 .590640
53663.5 .590702
53663.7 .590621
53663.8 .590695
53664.0 .590769
53664.2 .590837
53664.3 .590719
53664.5 .590815
53664.7 .590942
53664.8 .590886
53665.0 .590881
53665.2 .590937
53665.3 .591063
53665.5 .591047
53665.7 .590967
53665.8 .590955
53666.0 .591045
53666.2 .590961
53666.3 .590979
53666.5 .590920
53666.7 .590906
53666.8 .590859
53667.0 .590952
53667.2 .590928
53667.3 .591004
53667.5 .591081
53667.7 .591166
53667.8 .591118
53668.0 .591216
53668.2 .591327
53668.3 .591350
53668.5 .591481
53668.7 .591441
53668.8 .591292
53669.0 .591300
53669.2 .591257
53669.3 .591213
53669.5 .591070
53669.7 .591206
53669.8 .591323
53670.0 .591339
53670.2 .591256
53670.3 .591336
53670.5 .591366
53670.7 .591460
53670.8 .591578
53671.0 .591582
53671.2 .591748
53671.3 .591714
53671.5 .591706
53671.7 .591632
53671.8 .591568
53672.0 .591623
53672.2 .591556
53672.3 .591531
53672.5 .591572
53672.7 .591617
53672.8 .591691
53673.0 .591760
53673.2 .591847
53673.3 .591740
53673.5 .591843
53673.7 .591876
53673.8 .591876
53674.0 .591838
53674.2 .591854
53674.3 .591885
53674.5 .591981
53674.7 .591951
53674.8 .591980
53675.0 .591984
53675.2 .592044
53675.3 .592110
53675.5 .592060
53675.7 .592026
53675.8 .591982
53676.0 .591949
53676.2 .592015
53676.3 .591955
53676.5 .592044
53676.7 .591930
53676.8 .591966
53677.0 .591944
53677.2 .591988
53677.3 .591945
53677.5 .591905
53677.7 .591833
53677.8 .591729
53678.0 .591740
53678.2 .591834
53678.3 .591810
53678.5 .591817
53678.7 .591897
53678.8 .592033
53679.0 .591978
53679.2 .591816
53679.3 .591736
53679.5 .591781
53679.7 .591833
53679.8 .591770
53680.0 .591750
53680.2 .591820
53680.3 .591962
53680.5 .591895
53680.7 .591899
53680.8 .591993
53681.0 .592033
53681.2 .591943
53681.3 .592003
53681.5 .592180
53681.7 .592218
53681.8 .592379
53682.0 .592460
53682.2 .592507
53682.3 .592484
53682.5 .592398
53682.7 .592372
53682.8 .592281
53683.0 .592257
53683.2 .592264
53683.3 .592170
53683.5 .592388
53683.7 .592339
53683.8 .592370
53684.0 .592365
53684.2 .592399
53684.3 .592396
53684.5 .592374
53684.7 .592428
53684.8 .592435
53685.0 .592321
53685.2 .592344
53685.3 .592317
53685.5 .592370
53685.7 .592414
53685.8 .592466
53686.0 .592534
53686.2 .592660
53686.3 .592682
53686.5 .592641
53686.7 .592667
53686.8 .592697
53687.0 .592848
53687.2 .592840
53687.3 .592802
53687.5 .592907
53687.7 .592859
53687.8 .592892
53688.0 .592904
53688.2 .592978
53688.3 .593088
53688.5 .593017
53688.7 .593073
53688.8 .593152
53689.0 .593100
53689.2 .593093
53689.3 .593164
53689.5 .593263
53689.7 .593179
53689.8 .593224
53690.0 .593197
53690.2 .593235
53690.3 .593141
53690.5 .593063
53690.7 .593059
53690.8 .593060
53691.0 .592926
53691.2 .592826
53691.3 .592838
53691.5 .592694
53691.7 .592756
53691.8 .592671
53692.0 .592620
53692.2 .592659
53692.3 .592577
53692.5 .592721
53692.7 .592620
53692.8 .592688
53693.0 .592655
53693.2 .592700
53693.3 .592668
53693.5 .592725
53693.7 .592630
53693.8 .592723
53694.0 .592695
53694.2 .592804
53694.3 .592772
53694.5 .592874
53694.7 .592832
53694.8 .592991
53695.0 .593088
53695.2 .593136
53695.3 .593090
53695.5 .593191
53695.7 .593284
53695.8 .593345
53696.0 .593483
53696.2 .593524
53696.3 .593579
53696.5 .593577
53696.7 .593601
53696.8 .593676
53697.0 .593733
53697.2 .593646
53697.3 .593520
53697.5 .593439
53697.7 .593394
53697.8 .593357
53698.0 .593279
53698.2 .593195
53698.3 .593295
53698.5 .593444
53698.7 .593421
53698.8 .593417
53699.0 .593438
53699.2 .593366
53699.3 .593487
53699.5 .593636
53699.7 .593714
53699.8 .593619
53700.0 .593549
53700.2 .593381
53700.3 .593453
53700.5 .593418
53700.7 .593560
53700.8 .593614
53701.0 .593575
53701.2 .593725
53701.3 .593881
53701.5 .593993
53701.7 .594043
53701.8 .593936
53702.0 .594085
53702.2 .593946
53702.3 .593994
53702.5 .593980
53702.7 .594015
53702.8 .593872
53703.0 .593870
53703.2 .593893
53703.3 .593912
53703.5 .593983
53703.7 .594077
53703.8 .594104
53704.0 .594176
53704.2 .594172
53704.3 .594194
53704.5 .594107
53704.7 .594172
53704.8 .594086
53705.0 .594092
53705.2 .594046
53705.3 .594055
53705.5 .594172
53705.7 .594110
53705.8 .594235
53706.0 .594238
53706.2 .594244
53706.3 .594328
53706.5 .594325
53706.7 .594340
53706.8 .594334
53707.0 .594446
53707.2 .594401
53707.3 .594398
53707.5 .594495
53707.7 .594437
53707.8 .594426
53708.0 .594411
53708.2 .594489
53708.3 .594417
53708.5 .594445
53708.7 .594426
53708.8 .594547
53709.0 .594520
53709.2 .594550
53709.3 .594638
53709.5 .594539
53709.7 .594674
53709.8 .594806
53710.0 .594789
53710.2 .594854
53710.3 .594786
53710.5 .594749
53710.7 .594720
53710.8 .594669
53711.0 .594793
53711.2 .594681
53711.3 .594718
53711.5 .594806
53711.7 .594759
53711.8 .594816
53712.0 .594840
53712.2 .594821
53712.3 .594990
53712.5 .594937
53712.7 .594921
53712.8 .595043
53713.0 .595109
53713.2 .595080
53713.3 .595152
53713.5 .595097
53713.7 .595142
53713.8 .595019
53714.0 .595060
53714.2 .595153
53714.3 .595020
53714.5 .595021
53714.7 .595051
53714.8 .595128
53715.0 .595229
53715.2 .595206
53715.3 .595143
53715.5 .595183
53715.7 .595258
53715.8 .595294
53716.0 .595289
53716.2 .595331
53716.3 .595284
53716.5 .595275
53716.7 .595328
53716.8 .595344
53717.0 .595279
53717.2 .595296
53717.3 .595282
53717.5 .595214
53717.7 .595145
53717.8 .595256
53718.0 .595306
53718.2 .595283
53718.3 .595317
53718.5 .595294
53718.7 .595356
53718.8 .595371
53719.0 .595373
53719.2 .595329
53719.3 .595365
53719.5 .595310
53719.7 .595338
53719.8 .595384
53720.0 .595226
53720.2 .595304
53720.3 .595254
53720.5 .595140
53720.7 .595126
53720.8 .595096
53721.0 .595077
53721.2 .595141
53721.3 .595233
53721.5 .595345
53721.7 .595426
53721.8 .595436
53722.0 .595523
53722.2 .595598
53722.3 .595682
53722.5 .595859
53722.7 .595987
53722.8 .595986
53723.0 .595870
53723.2 .595953
53723.3 .595941
53723.5 .595934
53723.7 .595877
53723.8 .595869
53724.0 .595893
53724.2 .595729
53724.3 .595760
53724.5 .595815
53724.7 .595865
53724.8 .595849
53725.0 .595835
53725.2 .595790
53725.3 .595798
53725.5 .595782
53725.7 .595850
53725.8 .595990
53726.0 .595864
53726.2 .595949
53726.3 .595871
53726.5 .595828
53726.7 .595868
53726.8 .595872
53727.0 .595884
53727.2 .595821
53727.3 .595810
53727.5 .595752
53727.7 .595825
53727.8 .595895
53728.0 .595791
53728.2 .595738
53728.3 .595818
53728.5 .595889
53728.7 .595818
53728.8 .595801
53729.0 .595728
53729.2 .595720
53729.3 .595724
53729.5 .595636
53729.7 .595621
53729.8 .595590
53730.0 .595527
53730.2 .595501
53730.3 .595454
53730.5 .595489
53730.7 .595575
53730.8 .595638
53731.0 .595515
53731.2 .595607
53731.3 .595554
53731.5 .595617
53731.7 .595745
53731.8 .595805
53732.0 .595719
53732.2 .595694
53732.3 .595720
53732.5 .595656
53732.7 .595614
53732.8 .595617
53733.0 .595726
53733.2 .595795
53733.3 .595754
53733.5 .595610
53733.7 .595557
53733.8 .595675
53734.0 .595693
53734.2 .595532
53734.3 .595583
53734.5 .595408
53734.7 .595364
53734.8 .595211
53735.0 .595176
53735.2 .595233
53735.3 .595167
53735.5 .595202
53735.7 .595210
53735.8 .595247
53736.0 .595230
53736.2 .595317
53736.3 .595316
53736.5 .595301
53736.7 .595340
53736.8 .595335
53737.0 .595390
53737.2 .595444
53737.3 .595424
53737.5 .595424
53737.7 .595358
53737.8 .595375
53738.0 .595402
53738.2 .595403
53738.3 .595437
53738.5 .595418
53738.7 .595383
53738.8 .595348
53739.0 .595368
53739.2 .595355
53739.3 .595428
53739.5 .595465
53739.7 .595512
53739.8 .595647
53740.0 .595807
53740.2 .595735
53740.3 .595711
53740.5 .595697
53740.7 .595649
53740.8 .595604
53741.0 .595410
53741.2 .595361
53741.3 .595346
53741.5 .595486
53741.7 .595507
53741.8 .595541
53742.0 .595615
53742.2 .595583
53742.3 .595510
53742.5 .595586
53742.7 .595564
53742.8 .595552
53743.0 .595577
53743.2 .595479
53743.3 .595575
53743.5 .595602
53743.7 .595540
53743.8 .595501
53744.0 .595685
53744.2 .595569
53744.3 .595434
53744.5 .595310
53744.7 .595146
53744.8 .595051
53745.0 .595092
53745.2 .595196
53745.3 .595296
53745.5 .595248
53745.7 .595242
53745.8 .595298
53746.0 .595239
53746.2 .595204
53746.3 .595125
53746.5 .595141
53746.7 .595130
53746.8 .595053
53747.0 .595018
